Registros:
               acumulador:     2D0
    contador del programa:       8
              instruccion: +450000
                   opcode:      45
                 operando:       0
      0     1     2     3     4     5     6     7     8     9   
000  186A9 186AA 30D49 4BAFA 64197 1ADB9 61A88 1ADBA 6DDD0 002E9 
010  00019 00000 00000 00000 00000 00000 00000 00000 00000 00000 
020  00000 00000 00000 00000 00000 00000 00000 00000 00000 00000 
030  00000 00000 00000 00000 00000 00000 00000 00000 00000 00000 
040  00000 00000 00000 00000 00000 00000 00000 00000 00000 00000 
050  00000 00000 00000 00000 00000 00000 00000 00000 00000 00000 
060  00000 00000 00000 00000 00000 00000 00000 00000 00000 00000 
070  00000 00000 00000 00000 00000 00000 00000 00000 00000 00000 
080  00000 00000 00000 00000 00000 00000 00000 00000 00000 00000 
090  00000 00000 00000 00000 00000 00000 00000 00000 00000 00000 
100  00000 00000 00000 00000 00000 00000 00000 00000 00000 00000 
110  00000 00000 00000 00000 00000 00000 00000 00000 00000 00000 
120  00000 00000 00000 00000 00000 00000 00000 00000 00000 00000 
130  00000 00000 00000 00000 00000 00000 00000 00000 00000 00000 
140  00000 00000 00000 00000 00000 00000 00000 00000 00000 00000 
150  00000 00000 00000 00000 00000 00000 00000 00000 00000 00000 
160  00000 00000 00000 00000 00000 00000 00000 00000 00000 00000 
170  00000 00000 00000 00000 00000 00000 00000 00000 00000 00000 
180  00000 00000 00000 00000 00000 00000 00000 00000 00000 00000 
190  00000 00000 00000 00000 00000 00000 00000 00000 00000 00000 
200  00000 00000 00000 00000 00000 00000 00000 00000 00000 00000 
210  00000 00000 00000 00000 00000 00000 00000 00000 00000 00000 
220  00000 00000 00000 00000 00000 00000 00000 00000 00000 00000 
230  00000 00000 00000 00000 00000 00000 00000 00000 00000 00000 
240  00000 00000 00000 00000 00000 00000 00000 00000 00000 00000 
250  00000 00000 00000 00000 00000 00000 00000 00000 00000 00000 
260  00000 00000 00000 00000 00000 00000 00000 00000 00000 00000 
270  00000 00000 00000 00000 00000 00000 00000 00000 00000 00000 
280  00000 00000 00000 00000 00000 00000 00000 00000 00000 00000 
290  00000 00000 00000 00000 00000 00000 00000 00000 00000 00000 
300  00000 00000 00000 00000 00000 00000 00000 00000 00000 00000 
310  00000 00000 00000 00000 00000 00000 00000 00000 00000 00000 
320  00000 00000 00000 00000 00000 00000 00000 00000 00000 00000 
330  00000 00000 00000 00000 00000 00000 00000 00000 00000 00000 
340  00000 00000 00000 00000 00000 00000 00000 00000 00000 00000 
350  00000 00000 00000 00000 00000 00000 00000 00000 00000 00000 
360  00000 00000 00000 00000 00000 00000 00000 00000 00000 00000 
370  00000 00000 00000 00000 00000 00000 00000 00000 00000 00000 
380  00000 00000 00000 00000 00000 00000 00000 00000 00000 00000 
390  00000 00000 00000 00000 00000 00000 00000 00000 00000 00000 
400  00000 00000 00000 00000 00000 00000 00000 00000 00000 00000 
410  00000 00000 00000 00000 00000 00000 00000 00000 00000 00000 
420  00000 00000 00000 00000 00000 00000 00000 00000 00000 00000 
430  00000 00000 00000 00000 00000 00000 00000 00000 00000 00000 
440  00000 00000 00000 00000 00000 00000 00000 00000 00000 00000 
450  00000 00000 00000 00000 00000 00000 00000 00000 00000 00000 
460  00000 00000 00000 00000 00000 00000 00000 00000 00000 00000 
470  00000 00000 00000 00000 00000 00000 00000 00000 00000 00000 
480  00000 00000 00000 00000 00000 00000 00000 00000 00000 00000 
490  00000 00000 00000 00000 00000 00000 00000 00000 00000 00000 
500  00000 00000 00000 00000 00000 00000 00000 00000 00000 00000 
510  00000 00000 
