Registros:
               acumulador:       0
    contador del programa:      16
              instruccion: +450000
                   opcode:      45
                 operando:       0
      0     1     2     3     4     5     6     7     8     9   
000  186B1 30D52 4BB01 668AF 30D52 493F5 33462 186B3 30D54 4BB03 
010  6419C 61A81 30D53 33464 61A81 1ADC4 6DDD0 00002 00002 02F66 
020  98967F 00001 00000 00000 00000 00000 00000 00000 00000 00000 
030  00000 00000 00000 00000 00000 00000 00000 00000 00000 00000 
040  00000 00000 00000 00000 00000 00000 00000 00000 00000 00000 
