Registros:
               acumulador:       0
    contador del programa:      10
              instruccion: +450000
                   opcode:      45
                 operando:       0
      0     1     2     3     4     5     6     7     8     9   
000  1ADB5 0000B 00016 00021 0002C 00037 00042 0004D 00058 00063 
010  6DDD0 00000 00000 00000 00000 00000 00000 00000 00000 00000 
020  00000 00000 00000 00000 00000 00000 00000 00000 00000 00000 
030  00000 00000 00000 00000 00000 00000 00000 00000 00000 00000 
040  00000 00000 00000 00000 00000 00000 00000 00000 00000 00000 
